   0.0000000e+00  -1.3199608e+01   1.0000000e+00
   0.0000000e+00  -1.0999674e+01   1.0000000e+00
   0.0000000e+00  -8.7997389e+00   1.0000000e+00
   0.0000000e+00  -6.5998042e+00   1.0000000e+00
   0.0000000e+00  -4.3998695e+00   1.0000000e+00
   0.0000000e+00  -2.1999347e+00   1.0000000e+00
   0.0000000e+00   0.0000000e+00   1.0000000e+00
   0.0000000e+00   2.1999347e+00   1.0000000e+00
   0.0000000e+00   4.3998695e+00   1.0000000e+00
   0.0000000e+00   6.5998042e+00   1.0000000e+00
   0.0000000e+00   8.7997389e+00   1.0000000e+00
   0.0000000e+00   1.0999674e+01   1.0000000e+00
   0.0000000e+00   1.3199608e+01   1.0000000e+00
   2.9238675e+00  -1.3199608e+01   0.0000000e+00
   2.9238675e+00  -1.0999674e+01   0.0000000e+00
   2.9238675e+00  -8.7997389e+00   0.0000000e+00
   2.9238675e+00  -6.5998042e+00   0.0000000e+00
   2.9238675e+00  -4.3998695e+00   0.0000000e+00
   2.9238675e+00  -2.1999347e+00   0.0000000e+00
   2.9238675e+00   0.0000000e+00   0.0000000e+00
   2.9238675e+00   2.1999347e+00   0.0000000e+00
   2.9238675e+00   4.3998695e+00   0.0000000e+00
   2.9238675e+00   6.5998042e+00   0.0000000e+00
   2.9238675e+00   8.7997389e+00   0.0000000e+00
   2.9238675e+00   1.0999674e+01   0.0000000e+00
   2.9238675e+00   1.3199608e+01   0.0000000e+00
   5.8477350e+00  -1.3199608e+01   0.0000000e+00
   5.8477350e+00  -1.0999674e+01   0.0000000e+00
   5.8477350e+00  -8.7997389e+00   0.0000000e+00
   5.8477350e+00  -6.5998042e+00   0.0000000e+00
   5.8477350e+00  -4.3998695e+00   0.0000000e+00
   5.8477350e+00  -2.1999347e+00   0.0000000e+00
   5.8477350e+00   0.0000000e+00   0.0000000e+00
   5.8477350e+00   2.1999347e+00   0.0000000e+00
   5.8477350e+00   4.3998695e+00   0.0000000e+00
   5.8477350e+00   6.5998042e+00   0.0000000e+00
   5.8477350e+00   8.7997389e+00   0.0000000e+00
   5.8477350e+00   1.0999674e+01   0.0000000e+00
   5.8477350e+00   1.3199608e+01   0.0000000e+00
   8.7716025e+00  -1.3199608e+01   0.0000000e+00
   8.7716025e+00  -1.0999674e+01   0.0000000e+00
   8.7716025e+00  -8.7997389e+00   0.0000000e+00
   8.7716025e+00  -6.5998042e+00   0.0000000e+00
   8.7716025e+00  -4.3998695e+00   0.0000000e+00
   8.7716025e+00  -2.1999347e+00   0.0000000e+00
   8.7716025e+00   0.0000000e+00   0.0000000e+00
   8.7716025e+00   2.1999347e+00   0.0000000e+00
   8.7716025e+00   4.3998695e+00   0.0000000e+00
   8.7716025e+00   6.5998042e+00   0.0000000e+00
   8.7716025e+00   8.7997389e+00   0.0000000e+00
   8.7716025e+00   1.0999674e+01   0.0000000e+00
   8.7716025e+00   1.3199608e+01   0.0000000e+00
   1.1695470e+01  -1.3199608e+01   0.0000000e+00
   1.1695470e+01  -1.0999674e+01   0.0000000e+00
   1.1695470e+01  -8.7997389e+00   0.0000000e+00
   1.1695470e+01  -6.5998042e+00   0.0000000e+00
   1.1695470e+01  -4.3998695e+00   0.0000000e+00
   1.1695470e+01  -2.1999347e+00   0.0000000e+00
   1.1695470e+01   0.0000000e+00   0.0000000e+00
   1.1695470e+01   2.1999347e+00   0.0000000e+00
   1.1695470e+01   4.3998695e+00   0.0000000e+00
   1.1695470e+01   6.5998042e+00   0.0000000e+00
   1.1695470e+01   8.7997389e+00   0.0000000e+00
   1.1695470e+01   1.0999674e+01   0.0000000e+00
   1.1695470e+01   1.3199608e+01   0.0000000e+00
   1.4619337e+01  -1.3199608e+01   0.0000000e+00
   1.4619337e+01  -1.0999674e+01   0.0000000e+00
   1.4619337e+01  -8.7997389e+00   0.0000000e+00
   1.4619337e+01  -6.5998042e+00   0.0000000e+00
   1.4619337e+01  -4.3998695e+00   0.0000000e+00
   1.4619337e+01  -2.1999347e+00   0.0000000e+00
   1.4619337e+01   0.0000000e+00   0.0000000e+00
   1.4619337e+01   2.1999347e+00   0.0000000e+00
   1.4619337e+01   4.3998695e+00   0.0000000e+00
   1.4619337e+01   6.5998042e+00   0.0000000e+00
   1.4619337e+01   8.7997389e+00   0.0000000e+00
   1.4619337e+01   1.0999674e+01   0.0000000e+00
   1.4619337e+01   1.3199608e+01   0.0000000e+00
   1.7543205e+01  -1.3199608e+01   0.0000000e+00
   1.7543205e+01  -1.0999674e+01   0.0000000e+00
   1.7543205e+01  -8.7997389e+00   0.0000000e+00
   1.7543205e+01  -6.5998042e+00   0.0000000e+00
   1.7543205e+01  -4.3998695e+00   0.0000000e+00
   1.7543205e+01  -2.1999347e+00   0.0000000e+00
   1.7543205e+01   0.0000000e+00   0.0000000e+00
   1.7543205e+01   2.1999347e+00   0.0000000e+00
   1.7543205e+01   4.3998695e+00   0.0000000e+00
   1.7543205e+01   6.5998042e+00   0.0000000e+00
   1.7543205e+01   8.7997389e+00   0.0000000e+00
   1.7543205e+01   1.0999674e+01   0.0000000e+00
   1.7543205e+01   1.3199608e+01   0.0000000e+00
   2.0467072e+01  -1.3199608e+01   0.0000000e+00
   2.0467072e+01  -1.0999674e+01   0.0000000e+00
   2.0467072e+01  -8.7997389e+00   0.0000000e+00
   2.0467072e+01  -6.5998042e+00   0.0000000e+00
   2.0467072e+01  -4.3998695e+00   0.0000000e+00
   2.0467072e+01  -2.1999347e+00   0.0000000e+00
   2.0467072e+01   0.0000000e+00   0.0000000e+00
   2.0467072e+01   2.1999347e+00   0.0000000e+00
   2.0467072e+01   4.3998695e+00   0.0000000e+00
   2.0467072e+01   6.5998042e+00   0.0000000e+00
   2.0467072e+01   8.7997389e+00   0.0000000e+00
   2.0467072e+01   1.0999674e+01   0.0000000e+00
   2.0467072e+01   1.3199608e+01   0.0000000e+00
   2.3390940e+01  -1.3199608e+01   0.0000000e+00
   2.3390940e+01  -1.0999674e+01   0.0000000e+00
   2.3390940e+01  -8.7997389e+00   0.0000000e+00
   2.3390940e+01  -6.5998042e+00   0.0000000e+00
   2.3390940e+01  -4.3998695e+00   0.0000000e+00
   2.3390940e+01  -2.1999347e+00   0.0000000e+00
   2.3390940e+01   0.0000000e+00   0.0000000e+00
   2.3390940e+01   2.1999347e+00   0.0000000e+00
   2.3390940e+01   4.3998695e+00   0.0000000e+00
   2.3390940e+01   6.5998042e+00   0.0000000e+00
   2.3390940e+01   8.7997389e+00   0.0000000e+00
   2.3390940e+01   1.0999674e+01   0.0000000e+00
   2.3390940e+01   1.3199608e+01   0.0000000e+00
   2.6314807e+01  -1.3199608e+01   0.0000000e+00
   2.6314807e+01  -1.0999674e+01   0.0000000e+00
   2.6314807e+01  -8.7997389e+00   0.0000000e+00
   2.6314807e+01  -6.5998042e+00   0.0000000e+00
   2.6314807e+01  -4.3998695e+00   0.0000000e+00
   2.6314807e+01  -2.1999347e+00   0.0000000e+00
   2.6314807e+01   0.0000000e+00   0.0000000e+00
   2.6314807e+01   2.1999347e+00   0.0000000e+00
   2.6314807e+01   4.3998695e+00   0.0000000e+00
   2.6314807e+01   6.5998042e+00   0.0000000e+00
   2.6314807e+01   8.7997389e+00   0.0000000e+00
   2.6314807e+01   1.0999674e+01   0.0000000e+00
   2.6314807e+01   1.3199608e+01   0.0000000e+00
   2.9238675e+01  -1.3199608e+01   0.0000000e+00
   2.9238675e+01  -1.0999674e+01   0.0000000e+00
   2.9238675e+01  -8.7997389e+00   0.0000000e+00
   2.9238675e+01  -6.5998042e+00   0.0000000e+00
   2.9238675e+01  -4.3998695e+00   0.0000000e+00
   2.9238675e+01  -2.1999347e+00   0.0000000e+00
   2.9238675e+01   0.0000000e+00   0.0000000e+00
   2.9238675e+01   2.1999347e+00   0.0000000e+00
   2.9238675e+01   4.3998695e+00   0.0000000e+00
   2.9238675e+01   6.5998042e+00   0.0000000e+00
   2.9238675e+01   8.7997389e+00   0.0000000e+00
   2.9238675e+01   1.0999674e+01   0.0000000e+00
   2.9238675e+01   1.3199608e+01   0.0000000e+00
   3.2162542e+01  -1.3199608e+01   0.0000000e+00
   3.2162542e+01  -1.0999674e+01   0.0000000e+00
   3.2162542e+01  -8.7997389e+00   0.0000000e+00
   3.2162542e+01  -6.5998042e+00   0.0000000e+00
   3.2162542e+01  -4.3998695e+00   0.0000000e+00
   3.2162542e+01  -2.1999347e+00   0.0000000e+00
   3.2162542e+01   0.0000000e+00   0.0000000e+00
   3.2162542e+01   2.1999347e+00   0.0000000e+00
   3.2162542e+01   4.3998695e+00   0.0000000e+00
   3.2162542e+01   6.5998042e+00   0.0000000e+00
   3.2162542e+01   8.7997389e+00   0.0000000e+00
   3.2162542e+01   1.0999674e+01   0.0000000e+00
   3.2162542e+01   1.3199608e+01   0.0000000e+00
   3.5086410e+01  -1.3199608e+01   0.0000000e+00
   3.5086410e+01  -1.0999674e+01   0.0000000e+00
   3.5086410e+01  -8.7997389e+00   0.0000000e+00
   3.5086410e+01  -6.5998042e+00   0.0000000e+00
   3.5086410e+01  -4.3998695e+00   0.0000000e+00
   3.5086410e+01  -2.1999347e+00   0.0000000e+00
   3.5086410e+01   0.0000000e+00   0.0000000e+00
   3.5086410e+01   2.1999347e+00   0.0000000e+00
   3.5086410e+01   4.3998695e+00   0.0000000e+00
   3.5086410e+01   6.5998042e+00   0.0000000e+00
   3.5086410e+01   8.7997389e+00   0.0000000e+00
   3.5086410e+01   1.0999674e+01   0.0000000e+00
   3.5086410e+01   1.3199608e+01   0.0000000e+00
   3.8010277e+01  -1.3199608e+01   0.0000000e+00
   3.8010277e+01  -1.0999674e+01   0.0000000e+00
   3.8010277e+01  -8.7997389e+00   0.0000000e+00
   3.8010277e+01  -6.5998042e+00   0.0000000e+00
   3.8010277e+01  -4.3998695e+00   0.0000000e+00
   3.8010277e+01  -2.1999347e+00   0.0000000e+00
   3.8010277e+01   0.0000000e+00   0.0000000e+00
   3.8010277e+01   2.1999347e+00   0.0000000e+00
   3.8010277e+01   4.3998695e+00   0.0000000e+00
   3.8010277e+01   6.5998042e+00   0.0000000e+00
   3.8010277e+01   8.7997389e+00   0.0000000e+00
   3.8010277e+01   1.0999674e+01   0.0000000e+00
   3.8010277e+01   1.3199608e+01   0.0000000e+00
   4.0934145e+01  -1.3199608e+01   0.0000000e+00
   4.0934145e+01  -1.0999674e+01   0.0000000e+00
   4.0934145e+01  -8.7997389e+00   0.0000000e+00
   4.0934145e+01  -6.5998042e+00   0.0000000e+00
   4.0934145e+01  -4.3998695e+00   0.0000000e+00
   4.0934145e+01  -2.1999347e+00   0.0000000e+00
   4.0934145e+01   0.0000000e+00   0.0000000e+00
   4.0934145e+01   2.1999347e+00   0.0000000e+00
   4.0934145e+01   4.3998695e+00   0.0000000e+00
   4.0934145e+01   6.5998042e+00   0.0000000e+00
   4.0934145e+01   8.7997389e+00   0.0000000e+00
   4.0934145e+01   1.0999674e+01   0.0000000e+00
   4.0934145e+01   1.3199608e+01   0.0000000e+00
   4.3858012e+01  -1.3199608e+01   0.0000000e+00
   4.3858012e+01  -1.0999674e+01   0.0000000e+00
   4.3858012e+01  -8.7997389e+00   0.0000000e+00
   4.3858012e+01  -6.5998042e+00   0.0000000e+00
   4.3858012e+01  -4.3998695e+00   0.0000000e+00
   4.3858012e+01  -2.1999347e+00   0.0000000e+00
   4.3858012e+01   0.0000000e+00   0.0000000e+00
   4.3858012e+01   2.1999347e+00   0.0000000e+00
   4.3858012e+01   4.3998695e+00   0.0000000e+00
   4.3858012e+01   6.5998042e+00   0.0000000e+00
   4.3858012e+01   8.7997389e+00   0.0000000e+00
   4.3858012e+01   1.0999674e+01   0.0000000e+00
   4.3858012e+01   1.3199608e+01   0.0000000e+00
   4.6781880e+01  -1.3199608e+01   0.0000000e+00
   4.6781880e+01  -1.0999674e+01   0.0000000e+00
   4.6781880e+01  -8.7997389e+00   0.0000000e+00
   4.6781880e+01  -6.5998042e+00   0.0000000e+00
   4.6781880e+01  -4.3998695e+00   0.0000000e+00
   4.6781880e+01  -2.1999347e+00   0.0000000e+00
   4.6781880e+01   0.0000000e+00   0.0000000e+00
   4.6781880e+01   2.1999347e+00   0.0000000e+00
   4.6781880e+01   4.3998695e+00   0.0000000e+00
   4.6781880e+01   6.5998042e+00   0.0000000e+00
   4.6781880e+01   8.7997389e+00   0.0000000e+00
   4.6781880e+01   1.0999674e+01   0.0000000e+00
   4.6781880e+01   1.3199608e+01   0.0000000e+00
   4.9705747e+01  -1.3199608e+01   0.0000000e+00
   4.9705747e+01  -1.0999674e+01   0.0000000e+00
   4.9705747e+01  -8.7997389e+00   0.0000000e+00
   4.9705747e+01  -6.5998042e+00   0.0000000e+00
   4.9705747e+01  -4.3998695e+00   0.0000000e+00
   4.9705747e+01  -2.1999347e+00   0.0000000e+00
   4.9705747e+01   0.0000000e+00   0.0000000e+00
   4.9705747e+01   2.1999347e+00   0.0000000e+00
   4.9705747e+01   4.3998695e+00   0.0000000e+00
   4.9705747e+01   6.5998042e+00   0.0000000e+00
   4.9705747e+01   8.7997389e+00   0.0000000e+00
   4.9705747e+01   1.0999674e+01   0.0000000e+00
   4.9705747e+01   1.3199608e+01   0.0000000e+00
   5.2629615e+01  -1.3199608e+01   0.0000000e+00
   5.2629615e+01  -1.0999674e+01   0.0000000e+00
   5.2629615e+01  -8.7997389e+00   0.0000000e+00
   5.2629615e+01  -6.5998042e+00   0.0000000e+00
   5.2629615e+01  -4.3998695e+00   0.0000000e+00
   5.2629615e+01  -2.1999347e+00   0.0000000e+00
   5.2629615e+01   0.0000000e+00   0.0000000e+00
   5.2629615e+01   2.1999347e+00   0.0000000e+00
   5.2629615e+01   4.3998695e+00   0.0000000e+00
   5.2629615e+01   6.5998042e+00   0.0000000e+00
   5.2629615e+01   8.7997389e+00   0.0000000e+00
   5.2629615e+01   1.0999674e+01   0.0000000e+00
   5.2629615e+01   1.3199608e+01   0.0000000e+00
   5.5553482e+01  -1.3199608e+01   0.0000000e+00
   5.5553482e+01  -1.0999674e+01   0.0000000e+00
   5.5553482e+01  -8.7997389e+00   0.0000000e+00
   5.5553482e+01  -6.5998042e+00   0.0000000e+00
   5.5553482e+01  -4.3998695e+00   0.0000000e+00
   5.5553482e+01  -2.1999347e+00   0.0000000e+00
   5.5553482e+01   0.0000000e+00   0.0000000e+00
   5.5553482e+01   2.1999347e+00   0.0000000e+00
   5.5553482e+01   4.3998695e+00   0.0000000e+00
   5.5553482e+01   6.5998042e+00   0.0000000e+00
   5.5553482e+01   8.7997389e+00   0.0000000e+00
   5.5553482e+01   1.0999674e+01   0.0000000e+00
   5.5553482e+01   1.3199608e+01   0.0000000e+00
   5.8477350e+01  -1.3199608e+01   0.0000000e+00
   5.8477350e+01  -1.0999674e+01   0.0000000e+00
   5.8477350e+01  -8.7997389e+00   0.0000000e+00
   5.8477350e+01  -6.5998042e+00   0.0000000e+00
   5.8477350e+01  -4.3998695e+00   0.0000000e+00
   5.8477350e+01  -2.1999347e+00   0.0000000e+00
   5.8477350e+01   0.0000000e+00   0.0000000e+00
   5.8477350e+01   2.1999347e+00   0.0000000e+00
   5.8477350e+01   4.3998695e+00   0.0000000e+00
   5.8477350e+01   6.5998042e+00   0.0000000e+00
   5.8477350e+01   8.7997389e+00   0.0000000e+00
   5.8477350e+01   1.0999674e+01   0.0000000e+00
   5.8477350e+01   1.3199608e+01   0.0000000e+00
   6.1401217e+01  -1.3199608e+01   0.0000000e+00
   6.1401217e+01  -1.0999674e+01   0.0000000e+00
   6.1401217e+01  -8.7997389e+00   0.0000000e+00
   6.1401217e+01  -6.5998042e+00   0.0000000e+00
   6.1401217e+01  -4.3998695e+00   0.0000000e+00
   6.1401217e+01  -2.1999347e+00   0.0000000e+00
   6.1401217e+01   0.0000000e+00   0.0000000e+00
   6.1401217e+01   2.1999347e+00   0.0000000e+00
   6.1401217e+01   4.3998695e+00   0.0000000e+00
   6.1401217e+01   6.5998042e+00   0.0000000e+00
   6.1401217e+01   8.7997389e+00   0.0000000e+00
   6.1401217e+01   1.0999674e+01   0.0000000e+00
   6.1401217e+01   1.3199608e+01   0.0000000e+00
   6.4325085e+01  -1.3199608e+01   0.0000000e+00
   6.4325085e+01  -1.0999674e+01   0.0000000e+00
   6.4325085e+01  -8.7997389e+00   0.0000000e+00
   6.4325085e+01  -6.5998042e+00   0.0000000e+00
   6.4325085e+01  -4.3998695e+00   0.0000000e+00
   6.4325085e+01  -2.1999347e+00   0.0000000e+00
   6.4325085e+01   0.0000000e+00   0.0000000e+00
   6.4325085e+01   2.1999347e+00   0.0000000e+00
   6.4325085e+01   4.3998695e+00   0.0000000e+00
   6.4325085e+01   6.5998042e+00   0.0000000e+00
   6.4325085e+01   8.7997389e+00   0.0000000e+00
   6.4325085e+01   1.0999674e+01   0.0000000e+00
   6.4325085e+01   1.3199608e+01   0.0000000e+00
   6.7248952e+01  -1.3199608e+01   0.0000000e+00
   6.7248952e+01  -1.0999674e+01   0.0000000e+00
   6.7248952e+01  -8.7997389e+00   0.0000000e+00
   6.7248952e+01  -6.5998042e+00   0.0000000e+00
   6.7248952e+01  -4.3998695e+00   0.0000000e+00
   6.7248952e+01  -2.1999347e+00   0.0000000e+00
   6.7248952e+01   0.0000000e+00   0.0000000e+00
   6.7248952e+01   2.1999347e+00   0.0000000e+00
   6.7248952e+01   4.3998695e+00   0.0000000e+00
   6.7248952e+01   6.5998042e+00   0.0000000e+00
   6.7248952e+01   8.7997389e+00   0.0000000e+00
   6.7248952e+01   1.0999674e+01   0.0000000e+00
   6.7248952e+01   1.3199608e+01   0.0000000e+00
   7.0172820e+01  -1.3199608e+01   9.0000000e+00
   7.0172820e+01  -1.0999674e+01   9.0000000e+00
   7.0172820e+01  -8.7997389e+00   9.0000000e+00
   7.0172820e+01  -6.5998042e+00   9.0000000e+00
   7.0172820e+01  -4.3998695e+00   9.0000000e+00
   7.0172820e+01  -2.1999347e+00   9.0000000e+00
   7.0172820e+01   0.0000000e+00   9.0000000e+00
   7.0172820e+01   2.1999347e+00   9.0000000e+00
   7.0172820e+01   4.3998695e+00   9.0000000e+00
   7.0172820e+01   6.5998042e+00   9.0000000e+00
   7.0172820e+01   8.7997389e+00   9.0000000e+00
   7.0172820e+01   1.0999674e+01   9.0000000e+00
   7.0172820e+01   1.3199608e+01   9.0000000e+00
