   1.6714057e-14
   1.0096094e-14
   7.6081151e-15
   5.5354677e-15
   3.6299507e-15
   1.8037467e-15
   1.2306844e-17
  -1.7756705e-15
  -3.5894340e-15
  -5.4651058e-15
  -7.4644915e-15
  -9.7447726e-15
  -1.8006470e-14
   2.4529511e-02
   1.7356898e-02
   1.2918267e-02
   9.3200438e-03
   6.0678850e-03
   2.9779642e-03
  -4.6923042e-05
  -3.0784170e-03
  -6.1880916e-03
  -9.4694259e-03
  -1.3077319e-02
  -1.7337966e-02
  -2.3162084e-02
   4.5510142e-02
   3.5313234e-02
   2.6711576e-02
   1.9299626e-02
   1.2553882e-02
   6.1614870e-03
  -7.7755917e-05
  -6.3186894e-03
  -1.2709666e-02
  -1.9423700e-02
  -2.6697671e-02
  -3.4897108e-02
  -4.4613982e-02
   6.5368830e-02
   5.2239398e-02
   4.0296663e-02
   2.9365818e-02
   1.9175464e-02
   9.4422311e-03
  -7.3263348e-05
  -9.5786700e-03
  -1.9273316e-02
  -2.9370893e-02
  -4.0120751e-02
  -5.1822262e-02
  -6.4796542e-02
   8.4403076e-02
   6.8305694e-02
   5.3257466e-02
   3.9110406e-02
   2.5664515e-02
   1.2691494e-02
  -4.0318294e-05
  -1.2754886e-02
  -2.5672760e-02
  -3.9020049e-02
  -5.3034710e-02
  -6.7960782e-02
  -8.4010465e-02
   1.0261681e-01
   8.3583365e-02
   6.5560316e-02
   4.8386570e-02
   3.1875332e-02
   1.5819980e-02
   2.8860296e-06
  -1.5797530e-02
  -3.1804172e-02
  -4.8241535e-02
  -6.5334336e-02
  -8.3298767e-02
  -1.0232055e-01
   1.1997078e-01
   9.8090536e-02
   7.7215322e-02
   5.7167773e-02
   3.7758582e-02
   1.8786851e-02
   4.2732766e-05
  -1.8689245e-02
  -3.7627319e-02
  -5.6990034e-02
  -7.6992772e-02
  -9.7841382e-02
  -1.1972297e-01
   1.3643115e-01
   1.1182725e-01
   8.8232251e-02
   6.5456940e-02
   4.3306887e-02
   2.1581413e-02
   7.4080685e-05
  -2.1425849e-02
  -4.3131424e-02
  -6.5255617e-02
  -8.8008347e-02
  -1.1159287e-01
  -1.3620294e-01
   1.5197574e-01
   1.2478922e-01
   9.8616572e-02
   7.3261274e-02
   4.8524696e-02
   2.4205028e-02
   9.7141007e-05
  -2.4006798e-02
  -4.8316102e-02
  -7.3039912e-02
  -9.8385285e-02
  -1.2455546e-01
  -1.5174945e-01
   1.6659149e-01
   1.3697228e-01
   1.0837082e-01
   8.0586442e-02
   5.3417759e-02
   2.6661844e-02
   1.1399243e-04
  -2.6432020e-02
  -5.3183246e-02
  -8.0346578e-02
  -1.0812769e-01
  -1.3673033e-01
  -1.6635651e-01
   1.8027116e-01
   1.4837345e-01
   1.1749601e-01
   8.7436020e-02
   5.7990438e-02
   2.8955558e-02
   1.2678178e-04
  -2.8701289e-02
  -5.7734474e-02
  -8.7178470e-02
  -1.1723833e-01
  -1.4811819e-01
  -1.8002155e-01
   1.9301092e-01
   1.5899082e-01
   1.2599250e-01
   9.3812027e-02
   6.2245498e-02
   3.1088739e-02
   1.3715465e-04
  -3.0814255e-02
  -6.1970693e-02
  -9.3537271e-02
  -1.2571876e-01
  -1.5871952e-01
  -1.9274367e-01
   2.0480885e-01
   1.6882331e-01
   1.3386034e-01
   9.9715524e-02
   6.6184530e-02
   3.3062970e-02
   1.4622759e-04
  -3.2770539e-02
  -6.5892268e-02
  -9.9423814e-02
  -1.3356982e-01
  -1.6853469e-01
  -2.0452273e-01
   2.1566400e-01
   1.7787031e-01
   1.4109950e-01
   1.0514698e-01
   6.9808343e-02
   3.4879142e-02
   1.5472877e-04
  -3.4569748e-02
  -6.9499194e-02
  -1.0483838e-01
  -1.4079186e-01
  -1.7756394e-01
  -2.1535884e-01
   2.2557595e-01
   1.8613156e-01
   1.4770987e-01
   1.1010647e-01
   7.3117192e-02
   3.6537675e-02
   1.6316271e-04
  -3.6211413e-02
  -7.2791154e-02
  -1.0978090e-01
  -1.4738504e-01
  -1.8580758e-01
  -2.2525233e-01
   2.3454467e-01
   1.9360697e-01
   1.5369115e-01
   1.1459359e-01
   7.6110789e-02
   3.8038603e-02
   1.7196019e-04
  -3.7694811e-02
  -7.5767382e-02
  -1.1425083e-01
  -1.5334930e-01
  -1.9326603e-01
  -2.3420385e-01
   2.4257071e-01
   2.0029673e-01
   1.5904273e-01
   1.1860717e-01
   7.8788062e-02
   3.9381506e-02
   1.8160953e-04
  -3.9018681e-02
  -7.8426319e-02
  -1.1824697e-01
  -1.5868432e-01
  -1.9994011e-01
  -2.4221493e-01
   2.4965595e-01
   2.0620136e-01
   1.6376316e-01
   1.2214464e-01
   8.1146584e-02
   4.0565227e-02
   1.9275625e-04
  -4.0180773e-02
  -8.0764961e-02
  -1.2176681e-01
  -1.6338930e-01
  -2.0583127e-01
  -2.4928882e-01
   2.5580538e-01
   2.1132204e-01
   1.6784952e-01
   1.2520096e-01
   8.3181668e-02
   4.1587359e-02
   2.0619947e-04
  -4.1177316e-02
  -8.2777926e-02
  -1.2480553e-01
  -1.6746233e-01
  -2.1094212e-01
  -2.5543225e-01
   2.6103040e-01
   2.1566098e-01
   1.7129640e-01
   1.2776743e-01
   8.4885396e-02
   4.2443560e-02
   2.2257507e-04
  -4.2002776e-02
  -8.4456517e-02
  -1.2735462e-01
  -1.7089940e-01
  -2.1527682e-01
  -2.6065836e-01
   2.6535428e-01
   2.1922181e-01
   1.7409538e-01
   1.2983164e-01
   8.6246727e-02
   4.3127217e-02
   2.4133050e-04
  -4.2651099e-02
  -8.5789174e-02
  -1.2940093e-01
  -1.7369276e-01
  -2.1884108e-01
  -2.6499112e-01
   2.6881845e-01
   2.2200988e-01
   1.7623731e-01
   1.3138191e-01
   8.7255776e-02
   4.3631200e-02
   2.5870734e-04
  -4.3121021e-02
  -8.6767526e-02
  -1.3092968e-01
  -1.7582953e-01
  -2.2164006e-01
  -2.6846974e-01
   2.7148279e-01
   2.2403440e-01
   1.7772504e-01
   1.3242444e-01
   8.7918586e-02
   4.3955554e-02
   2.6565216e-04
  -4.3428690e-02
  -8.7406910e-02
  -1.3194394e-01
  -1.7729711e-01
  -2.2367047e-01
  -2.7114425e-01
   2.7339252e-01
   2.2532513e-01
   1.7861679e-01
   1.3302853e-01
   8.8291843e-02
   4.4126667e-02
   2.4887425e-04
  -4.3627355e-02
  -8.7789435e-02
  -1.3252734e-01
  -1.7813462e-01
  -2.2490210e-01
  -2.7302413e-01
   2.7439734e-01
   2.2602800e-01
   1.7914901e-01
   1.3342154e-01
   8.8543828e-02
   4.4229206e-02
   1.9800069e-04
  -4.3826138e-02
  -8.8118446e-02
  -1.3295507e-01
  -1.7861711e-01
  -2.2540806e-01
  -2.7376834e-01
