   1.6714057e-14   3.9233054e-15   1.4920154e+04   1.7788778e+03   2.6659492e+03   1.4122150e+04   6.3801090e+03
   1.0096094e-14   6.0529161e-16   1.1850714e+04   1.8164730e+03   3.0039635e+03   1.1124874e+04   4.7818220e+03
   7.6081151e-15   3.8672406e-16   8.7799176e+03   1.3478046e+03   2.3058760e+03   8.2224295e+03   3.5064057e+03
   5.5354677e-15   2.2517567e-16   6.1978507e+03   1.0547571e+03   1.6633545e+03   5.8487962e+03   2.5005852e+03
   3.6299507e-15   1.1958865e-16   3.8204185e+03   8.7989943e+02   1.0413185e+03   3.7449083e+03   1.6447104e+03
   1.8037467e-15   5.8695469e-17   1.5366788e+03   7.9269233e+02   4.2905501e+02   1.9419664e+03   9.6698954e+02
   1.2306844e-17   3.4738800e-17  -7.1611341e+02   7.7944258e+02  -1.7867257e+02   1.4964574e+03   8.2446431e+02
  -1.7756705e-15   4.4372147e-17  -2.9880502e+03   8.3869666e+02  -7.8553761e+02   3.0509874e+03   1.3842607e+03
  -3.5894340e-15   8.7799382e-17  -5.3336140e+03   9.8041124e+02  -1.3947692e+03   5.0830383e+03   2.1999616e+03
  -5.4651058e-15   1.6644092e-16  -7.8308597e+03   1.2277530e+03  -2.0108346e+03   7.3580832e+03   3.1584095e+03
  -7.4644915e-15   2.7270190e-16  -1.0625577e+04   1.6190225e+03  -2.6477774e+03   9.9821417e+03   4.3049455e+03
  -9.7447726e-15   3.3566215e-16  -1.4083724e+04   2.1919439e+03  -3.3765217e+03   1.3289546e+04   5.7849515e+03
  -1.8006470e-14   6.4884094e-15  -1.7410392e+04   3.3803200e+03  -5.2231177e+03   1.6545268e+04   6.9684273e+03
   2.4529511e-02   1.3483860e-02   1.4957947e+04   7.0209444e+02   5.6691333e+02   1.4732974e+04   7.2296886e+03
   1.7356898e-02   9.1380373e-03   1.2741831e+04   1.1660710e+03   1.1710803e+03   1.2364592e+04   5.9017190e+03
   1.2918267e-02   6.7791930e-03   9.6041173e+03   1.1718320e+03   1.3448041e+03   9.2331728e+03   4.2926977e+03
   9.3200438e-03   5.3752308e-03   6.9596856e+03   1.0286519e+03   1.1602906e+03   6.6994489e+03   3.0767467e+03
   6.0678850e-03   4.5365289e-03   4.5379728e+03   9.0656493e+02   8.3205524e+02   4.4693678e+03   2.0628418e+03
   2.9779642e-03   4.0880515e-03   2.2264453e+03   8.3045514e+02   4.4025533e+02   2.4979284e+03   1.2195386e+03
  -4.6923042e-05   3.9513408e-03  -3.8147505e+01   8.0084114e+02   2.5451043e+01   1.3882051e+03   8.0147222e+02
  -3.0784170e-03   4.1060785e-03  -2.3022376e+03   8.1502797e+02  -3.8396912e+02   2.5605768e+03   1.2586537e+03
  -6.1880916e-03   4.5805317e-03  -4.6082805e+03   8.6979358e+02  -7.5941716e+02   4.5368468e+03   2.1118660e+03
  -9.4694259e-03   5.4590905e-03  -7.0019056e+03   9.5750969e+02  -1.0624919e+03   6.7428908e+03   3.1202537e+03
  -1.3077319e-02   6.9072300e-03  -9.5357509e+03   1.0512799e+03  -1.2346698e+03   9.1649888e+03   4.2816091e+03
  -1.7337966e-02   9.2174856e-03  -1.2255335e+04   1.0502748e+03  -1.1944382e+03   1.1844447e+04   5.6292930e+03
  -2.3162084e-02   1.2848690e-02  -1.4706660e+04   1.6004714e+03  -1.9593995e+03   1.4106502e+04   6.5715045e+03
   4.5510142e-02   2.6453401e-02   1.3376693e+04   7.8728725e+01   2.1943091e+02   1.3269040e+04   6.5791023e+03
   3.5313234e-02   2.2237642e-02   1.1939514e+04   5.7386184e+02   1.4064097e+02   1.1911362e+04   5.9272819e+03
   2.6711576e-02   1.8923696e-02   9.5526535e+03   1.0084758e+03   4.0639129e+02   9.5177360e+03   4.6830067e+03
   1.9299626e-02   1.6649890e-02   7.0396307e+03   1.1670653e+03   4.8446696e+02   7.1039964e+03   3.4791643e+03
   1.2553882e-02   1.5192932e-02   4.6201328e+03   1.2101280e+03   4.0430343e+02   4.9024873e+03   2.4305789e+03
   6.1614870e-03   1.4382975e-02   2.2833306e+03   1.2134256e+03   2.3247427e+02   3.0255632e+03   1.5886802e+03
  -7.7755917e-05   1.4125771e-02  -8.4335666e+00   1.2050514e+03   1.9287541e+01   2.0873553e+03   1.2051311e+03
  -6.3186894e-03   1.4389425e-02  -2.2918296e+03   1.1915172e+03  -1.9620781e+02   3.0166944e+03   1.5867013e+03
  -1.2709666e-02   1.5195751e-02  -4.5997113e+03   1.1661665e+03  -3.7922240e+02   4.8617562e+03   2.4110321e+03
  -1.9423700e-02   1.6617599e-02  -6.9596068e+03   1.1079934e+03  -4.9520138e+02   6.9941327e+03   3.4168382e+03
  -2.6697671e-02   1.8777056e-02  -9.3853867e+03   9.7285718e+02  -5.1080231e+02   9.2947124e+03   4.5426879e+03
  -3.4897108e-02   2.1830632e-02  -1.1845180e+04   6.7828600e+02  -4.0653209e+02   1.1706337e+04   5.7594045e+03
  -4.4613982e-02   2.5901435e-02  -1.3630321e+04   7.2855296e+02  -4.9098728e+02   1.3450902e+04   6.6099404e+03
   6.5368830e-02   4.2690271e-02   1.2700910e+04   1.1253048e+00   1.6890972e+02   1.2617303e+04   6.2660001e+03
   5.2239398e-02   3.8641591e-02   1.1270862e+04   4.3414090e+02   1.6682932e+01   1.1287605e+04   5.6438123e+03
   4.0296663e-02   3.5299224e-02   9.1118767e+03   8.4845056e+02   6.6202718e+01   9.1971221e+03   4.6017304e+03
   2.9365818e-02   3.2759744e-02   6.8425860e+03   1.1359216e+03   1.3221068e+02   7.0572483e+03   3.5422594e+03
   1.9175464e-02   3.1018577e-02   4.5469151e+03   1.2989501e+03   1.3871454e+02   5.0124614e+03   2.5583841e+03
   9.4422311e-03   3.0007232e-02   2.2722652e+03   1.3762384e+03   8.6573979e+01   3.2643624e+03   1.7573684e+03
  -7.3263348e-05   2.9667224e-02   1.9743911e+01   1.3945312e+03  -1.2051068e-01   2.4154801e+03   1.3945666e+03
  -9.5786700e-03   2.9972009e-02  -2.2252578e+03   1.3641631e+03  -9.4283343e+01   3.2146042e+03   1.7309547e+03
  -1.9273316e-02   3.0929803e-02  -4.4792014e+03   1.2817985e+03  -1.7089397e+02   4.9250385e+03   2.5066683e+03
  -2.9370893e-02   3.2579582e-02  -6.7526047e+03   1.1319084e+03  -2.0916507e+02   6.9334452e+03   3.4619889e+03
  -4.0120751e-02   3.4980797e-02  -9.0404142e+03   8.8780467e+02  -1.9647699e+02   9.0750234e+03   4.5102110e+03
  -5.1822262e-02   3.8190979e-02  -1.1304658e+04   5.1921527e+02  -1.3607999e+02   1.1273164e+04   5.6083750e+03
  -6.4796542e-02   4.2222641e-02  -1.2895439e+04   4.9833143e+02  -1.9422717e+02   1.2828501e+04   6.3701281e+03
   8.4403076e-02   6.2812776e-02   1.2141232e+04   3.1156633e+00   1.5598076e+02   1.2063999e+04   5.9926263e+03
   6.8305694e-02   5.8932544e-02   1.0715383e+04   4.1691025e+02  -1.3132569e+01   1.0746245e+04   5.3804347e+03
   5.3257466e-02   5.5715241e-02   8.6445278e+03   7.9850181e+02  -1.3862688e+01   8.7613186e+03   4.4022195e+03
   3.9110406e-02   5.3201133e-02   6.5220107e+03   1.1013365e+03   3.2781300e+00   6.7936795e+03   3.4404085e+03
   2.5664515e-02   5.1410314e-02   4.3660576e+03   1.3098250e+03   1.5102978e+01   4.9136210e+03   2.5393588e+03
   1.2691494e-02   5.0335721e-02   2.1994143e+03   1.4275088e+03   6.9246014e+00   3.3068996e+03   1.7998706e+03
  -4.0318294e-05   4.9958333e-02   3.4035471e+01   1.4650017e+03  -1.8581253e+01   2.5378783e+03   1.4652379e+03
  -1.2754886e-02   5.0265613e-02  -2.1294814e+03   1.4289124e+03  -5.0232452e+01   3.2489408e+03   1.7670907e+03
  -2.5672760e-02   5.1259211e-02  -4.2944654e+03   1.3186791e+03  -7.5325009e+01   4.8312907e+03   2.4878105e+03
  -3.9020049e-02   5.2954088e-02  -6.4613525e+03   1.1271989e+03  -8.3970694e+01   6.7100890e+03   3.3820596e+03
  -5.3034710e-02   5.5370999e-02  -8.6215931e+03   8.4422868e+02  -7.2565457e+01   8.7091716e+03   4.3570851e+03
  -6.7960782e-02   5.8522865e-02  -1.0753068e+04   4.6521848e+02  -4.6504558e+01   1.0760105e+04   5.3734583e+03
  -8.4010465e-02   6.2398520e-02  -1.2268061e+04   4.4269234e+02  -1.2053172e+02   1.2232297e+04   6.0898764e+03
   1.0261681e-01   8.6915842e-02   1.1581711e+04   1.9674133e+01   1.5009305e+02   1.1507449e+04   5.7158429e+03
   8.3583365e-02   8.3211912e-02   1.0189430e+04   4.2544449e+02  -2.0296583e+01   1.0226178e+04   5.1225613e+03
   6.5560316e-02   8.0150226e-02   8.1954523e+03   7.9255380e+02  -2.9812564e+01   8.3243666e+03   4.1883036e+03
   4.8386570e-02   7.7744430e-02   6.1800582e+03   1.0895953e+03  -3.0590581e+01   6.4764775e+03   3.2909357e+03
   3.1875332e-02   7.6009092e-02   4.1436978e+03   1.3056369e+03  -2.7056375e+01   4.7325617e+03   2.4603831e+03
   1.5819980e-02   7.4951465e-02   2.0931818e+03   1.4363083e+03  -2.5522454e+01   3.2595136e+03   1.7847152e+03
   2.8860296e-06   7.4571689e-02   3.5821918e+01   1.4821997e+03  -2.8554085e+01   2.5678530e+03   1.4825491e+03
  -1.5797530e-02   7.4867917e-02  -2.0237737e+03   1.4450025e+03  -3.4009971e+01   3.2081279e+03   1.7543723e+03
  -3.1804172e-02   7.5840783e-02  -4.0829284e+03   1.3246976e+03  -3.7694006e+01   4.6671506e+03   2.4178098e+03
  -4.8241535e-02   7.7493965e-02  -6.1381183e+03   1.1193044e+03  -3.6281722e+01   6.4197849e+03   3.2497607e+03
  -6.5334336e-02   7.9830896e-02  -8.1826278e+03   8.2713905e+02  -2.9441332e+01   8.2926374e+03   4.1596600e+03
  -8.3298767e-02   8.2849337e-02  -1.0207097e+04   4.5164526e+02  -2.0384890e+01   1.0226882e+04   5.1133411e+03
  -1.0232055e-01   8.6538245e-02  -1.1664613e+04   4.3066373e+02  -1.0208871e+02   1.1637836e+04   5.7972809e+03
   1.1997078e-01   1.1491378e-01   1.1004708e+04   3.6933960e+01   1.4500865e+02   1.0933113e+04   5.4299755e+03
   9.8090536e-02   1.1139338e-01   9.6666141e+03   4.3612339e+02  -2.1205041e+01   9.7066714e+03   4.8635032e+03
   7.7215322e-02   1.0849298e-01   7.7581527e+03   7.9857016e+02  -2.9577732e+01   7.8950883e+03   3.9749089e+03
   5.7167773e-02   1.0621580e-01   5.8417522e+03   1.0893725e+03  -3.4516578e+01   6.1554118e+03   3.1335868e+03
   3.7758582e-02   1.0456978e-01   3.9141548e+03   1.3025464e+03  -3.5257641e+01   4.5331817e+03   2.3656060e+03
   1.8786851e-02   1.0356251e-01   1.9763731e+03   1.4338064e+03  -3.3453246e+01   3.1844447e+03   1.7509001e+03
   4.2732766e-05   1.0319891e-01   3.1624932e+01   1.4810122e+03  -3.0881535e+01   2.5657594e+03   1.4813419e+03
  -1.8689245e-02   1.0348143e-01  -1.9163529e+03   1.4434329e+03  -2.8182542e+01   3.1416064e+03   1.7247595e+03
  -3.7627319e-02   1.0441110e-01  -3.8639086e+03   1.3208044e+03  -2.5050332e+01   4.4796426e+03   2.3299641e+03
  -5.6990034e-02   1.0598784e-01  -5.8071740e+03   1.1131460e+03  -2.1247505e+01   6.1088146e+03   3.0997307e+03
  -7.6992772e-02   1.0820958e-01  -7.7419373e+03   8.2172192e+02  -1.7435062e+01   7.8631162e+03   3.9486973e+03
  -9.7841382e-02   1.1107115e-01  -9.6652628e+03   4.5073807e+02  -1.5021315e+01   9.6892642e+03   4.8461278e+03
  -1.1972297e-01   1.1456551e-01  -1.1060835e+04   4.2597416e+02  -9.5997653e+01   1.1037837e+04   5.4989427e+03
   1.3643115e-01   1.4664750e-01   1.0412622e+04   5.2333928e+01   1.3947899e+02   1.0343985e+04   5.1368383e+03
   1.1182725e-01   1.4331561e-01   9.1402946e+03   4.4401599e+02  -2.0593962e+01   9.1828696e+03   4.6019148e+03
   8.8232251e-02   1.4057684e-01   7.3261587e+03   8.0569715e+02  -2.6260041e+01   7.4708179e+03   3.7634642e+03
   6.5456940e-02   1.3843092e-01   5.5096095e+03   1.0925874e+03  -3.0863286e+01   5.8402086e+03   2.9779115e+03
   4.3306887e-02   1.3688172e-01   3.6875674e+03   1.3017228e+03  -3.2771210e+01   4.3363026e+03   2.2703991e+03
   2.1581413e-02   1.3593441e-01   1.8594260e+03   1.4302368e+03  -3.1959956e+01   3.1071925e+03   1.7146173e+03
   7.4080685e-05   1.3559357e-01   2.6398316e+01   1.4760126e+03  -2.9212633e+01   2.5569828e+03   1.4762745e+03
  -2.1425849e-02   1.3586222e-01  -1.8092292e+03   1.4378365e+03  -2.5446529e+01   3.0708371e+03   1.6919941e+03
  -4.3131424e-02   1.3674149e-01  -3.6446786e+03   1.3153215e+03  -2.1448856e+01   4.2890768e+03   2.2387539e+03
  -6.5255617e-02   1.3823061e-01  -5.4770963e+03   1.1089404e+03  -1.7960793e+01   5.7956691e+03   2.9462330e+03
  -8.8008347e-02   1.4032687e-01  -7.3041540e+03   8.2031302e+02  -1.5763534e+01   7.4333381e+03   3.7353812e+03
  -1.1159287e-01   1.4302604e-01  -9.1253639e+03   4.5243428e+02  -1.5371940e+01   9.1513014e+03   4.5774103e+03
  -1.3620294e-01   1.4632428e-01  -1.0452487e+04   4.2007685e+02  -9.1425359e+01   1.0432479e+04   5.1975344e+03
   1.5197574e-01   1.8192732e-01   9.8105547e+03   6.5968318e+01   1.3342313e+02   9.7451981e+03   4.8390155e+03
   1.2478922e-01   1.7878700e-01   8.6099641e+03   4.4899254e+02  -1.9833740e+01   8.6549077e+03   4.3381963e+03
   9.8616572e-02   1.7620926e-01   6.8961140e+03   8.1111999e+02  -2.3267999e+01   7.0491940e+03   3.5535022e+03
   7.3261274e-02   1.7419306e-01   5.1818953e+03   1.0959303e+03  -2.6545395e+01   5.5311382e+03   2.8254251e+03
   4.8524696e-02   1.7274009e-01   3.4651746e+03   1.3020567e+03  -2.8326926e+01   4.1463779e+03   2.1786440e+03
   2.4205028e-02   1.7185341e-01   1.7451537e+03   1.4278311e+03  -2.8182433e+01   3.0350689e+03   1.6807385e+03
   9.7141007e-05   1.7153615e-01   2.2218080e+01   1.4717783e+03  -2.6368883e+01   2.5495429e+03   1.4719788e+03
  -2.4006798e-02   1.7179061e-01  -1.7023810e+03   1.4329161e+03  -2.3532946e+01   3.0030548e+03   1.6606870e+03
  -4.8316102e-02   1.7261774e-01  -3.4269187e+03   1.3109140e+03  -2.0469976e+01   4.1023809e+03   2.1492950e+03
  -7.3039912e-02   1.7401693e-01  -5.1496508e+03   1.1061867e+03  -1.7963700e+01   5.4861340e+03   2.7941371e+03
  -9.8385285e-02   1.7598621e-01  -6.8694040e+03   8.1992168e+02  -1.6624316e+01   7.0065400e+03   3.5231263e+03
  -1.2455546e-01   1.7852290e-01  -8.5863615e+03   4.5385807e+02  -1.6622069e+01   8.6140072e+03   4.3088393e+03
  -1.5174945e-01   1.8162503e-01  -9.8406635e+03   4.1202869e+02  -8.6166094e+01   9.8238207e+03   4.8946218e+03
   1.6659149e-01   2.2055087e-01   9.2025563e+03   7.8385221e+01   1.2698777e+02   9.1407324e+03   4.5384612e+03
   1.3697228e-01   2.1760386e-01   8.0766252e+03   4.5188355e+02  -1.9253297e+01   8.1240595e+03   4.0730837e+03
   1.0837082e-01   2.1518662e-01   6.4665789e+03   8.1464856e+02  -2.1200671e+01   6.6291134e+03   3.3446185e+03
   8.0586442e-02   2.1329819e-01   4.8567867e+03   1.0984562e+03  -2.3268425e+01   5.2270208e+03   2.6758813e+03
   5.3417759e-02   2.1193924e-01   3.2459553e+03   1.3027235e+03  -2.4575527e+01   3.9633151e+03   2.0907371e+03
   2.6661844e-02   2.1111140e-01   1.6334782e+03   1.4265571e+03  -2.4713218e+01   2.9689098e+03   1.6499893e+03
   1.1399243e-04   2.1081655e-01   1.9439575e+01   1.4690680e+03  -2.3722227e+01   2.5447758e+03   1.4692265e+03
  -2.6432020e-02   2.1105616e-01  -1.5955200e+03   1.4296178e+03  -2.1975035e+01   2.9398174e+03   1.6318143e+03
  -5.3183246e-02   2.1183089e-01  -3.2104425e+03   1.3079831e+03  -2.0020973e+01   3.9211637e+03   2.0628905e+03
  -8.0346578e-02   2.1314039e-01  -4.8243764e+03   1.1044312e+03  -1.8421873e+01   5.1812526e+03   2.6446300e+03
  -1.0812769e-01   2.1498349e-01  -6.4367720e+03   8.1967126e+02  -1.7577957e+01   6.5829158e+03   3.3126084e+03
  -1.3673033e-01   2.1735871e-01  -8.0478712e+03   4.5459979e+02  -1.7550310e+01   8.0775788e+03   4.0408136e+03
  -1.6635651e-01   2.2026506e-01  -9.2270257e+03   4.0251022e+02  -8.0137634e+01   9.2136332e+03   4.5911224e+03
   1.8027116e-01   2.6231089e-01   8.5912504e+03   9.0057713e+01   1.2031588e+02   8.5331546e+03   4.2364246e+03
   1.4837345e-01   2.5955814e-01   7.5413469e+03   4.5347128e+02  -1.8874870e+01   7.5915426e+03   3.8072135e+03
   1.1749601e-01   2.5730105e-01   6.0370309e+03   8.1675250e+02  -1.9922409e+01   6.2102870e+03   3.1366790e+03
   8.7436020e-02   2.5553893e-01   4.5330619e+03   1.1001174e+03  -2.1131310e+01   4.9270336e+03   2.5289182e+03
   5.7990438e-02   2.5427200e-01   3.0287228e+03   1.3033461e+03  -2.1983001e+01   3.7863384e+03   2.0063430e+03
   2.8955558e-02   2.5350107e-01   1.5236348e+03   1.4259901e+03  -2.2188056e+01   2.9079383e+03   1.6219864e+03
   1.2678178e-04   2.5322717e-01   1.7792333e+01   1.4675576e+03  -2.1716039e+01   2.5421153e+03   1.4676905e+03
  -2.8701289e-02   2.5345115e-01  -1.4884949e+03   1.4276785e+03  -2.0755553e+01   2.8809635e+03   1.6052509e+03
  -5.7734474e-02   2.5417340e-01  -2.9947359e+03   1.3062218e+03  -1.9628305e+01   3.7454897e+03   1.9796545e+03
  -8.7178470e-02   2.5539377e-01  -4.5004528e+03   1.1033403e+03  -1.8676297e+01   4.8808249e+03   2.4977870e+03
  -1.1723833e-01   2.5711165e-01  -6.0054006e+03   8.1941441e+02  -1.8139567e+01   6.1620249e+03   3.1037499e+03
  -1.4811819e-01   2.5932628e-01  -7.5097358e+03   4.5487197e+02  -1.8053433e+01   7.5419895e+03   3.7733585e+03
  -1.8002155e-01   2.6203714e-01  -8.6126723e+03   3.9222281e+02  -7.3623937e+01   8.6029624e+03   4.2875022e+03
   1.9301092e-01   3.0699833e-01   7.9781875e+03   1.0130596e+02   1.1350726e+02   7.9239867e+03   3.9336448e+03
   1.5899082e-01   3.0444033e-01   7.0049224e+03   4.5430199e+02  -1.8646133e+01   7.0582626e+03   3.5410477e+03
   1.2599250e-01   3.0234317e-01   5.6073333e+03   8.1792892e+02  -1.9177737e+01   5.7928502e+03   2.9297465e+03
   9.3812027e-02   3.0070643e-01   4.2100163e+03   1.1011206e+03  -1.9842512e+01   4.6309360e+03   2.3844062e+03
   6.2245498e-02   2.9953014e-01   2.8126114e+03   1.3038149e+03  -2.0361907e+01   3.6150059e+03   1.9251929e+03
   3.1088739e-02   2.9881466e-01   1.4149159e+03   1.4257961e+03  -2.0556216e+01   2.8513467e+03   1.5962580e+03
   1.3715465e-04   2.9856050e-01   1.6908957e+01   1.4668031e+03  -2.0377407e+01   2.5407833e+03   1.4669216e+03
  -3.0814255e-02   2.9876811e-01  -1.3812726e+03   1.4266359e+03  -1.9902644e+01   2.8260731e+03   1.5807030e+03
  -6.1970693e-02   2.9943772e-01  -2.7794001e+03   1.3052290e+03  -1.9295681e+01   3.5752866e+03   1.8995175e+03
  -9.3537271e-02   3.0056930e-01  -4.1772513e+03   1.1026730e+03  -1.8745185e+01   4.5846635e+03   2.3535465e+03
  -1.2571876e-01   3.0216254e-01  -5.5747164e+03   8.1916814e+02  -1.8393804e+01   5.7435503e+03   2.8964145e+03
  -1.5871952e-01   3.0421708e-01  -6.9718628e+03   4.5491167e+02  -1.8280984e+01   7.0071811e+03   3.5064255e+03
  -1.9274367e-01   3.0673264e-01  -7.9981448e+03   3.8159702e+02  -6.6862554e+01   7.9923003e+03   3.9839586e+03
   2.0480885e-01   3.5440368e-01   7.3642308e+03   1.1232404e+02   1.0662470e+02   7.3140895e+03   3.6305411e+03
   1.6882331e-01   3.5204069e-01   6.4678625e+03   4.5471029e+02  -1.8505836e+01   6.5248421e+03   3.2749053e+03
   1.3386034e-01   3.5010335e-01   5.1774840e+03   8.1854307e+02  -1.8743118e+01   5.3771528e+03   2.7240057e+03
   9.9715524e-02   3.4859146e-01   3.8872671e+03   1.1016898e+03  -1.9084685e+01   4.3389582e+03   2.2424577e+03
   6.6184530e-02   3.4750497e-01   2.5970745e+03   1.3041468e+03  -1.9403478e+01   3.4493422e+03   1.8472380e+03
   3.3062970e-02   3.4684397e-01   1.3068258e+03   1.4257991e+03  -1.9595094e+01   2.7986593e+03   1.5724984e+03
   1.4622759e-04   3.4660869e-01   1.6501097e+01   1.4664970e+03  -1.9601536e+01   2.5402403e+03   1.4666081e+03
  -3.2770539e-02   3.4679931e-01  -1.2738627e+03   1.4261333e+03  -1.9423936e+01   2.7748746e+03   1.5579668e+03
  -6.5892268e-02   3.4741601e-01  -2.5641877e+03   1.3046913e+03  -1.9120095e+01   3.4107264e+03   1.8225152e+03
  -9.9423814e-02   3.4845883e-01  -3.8543848e+03   1.1022488e+03  -1.8784736e+01   4.2929114e+03   2.2119921e+03
  -1.3356982e-01   3.4992768e-01  -5.1443911e+03   8.1893386e+02  -1.8516037e+01   5.3274578e+03   2.6905950e+03
  -1.6853469e-01   3.5182238e-01  -6.4341946e+03   4.5484722e+02  -1.8379471e+01   6.4731444e+03   3.2399933e+03
  -2.0452273e-01   3.5414275e-01  -7.3836662e+03   3.7083641e+02  -5.9995375e+01   7.3818493e+03   3.6805649e+03
   2.1566400e-01   4.0431735e-01   6.7498506e+03   1.2321329e+02   9.9713138e+01   6.7039482e+03   3.3273508e+03
   1.7787031e-01   4.0214947e-01   5.9304774e+03   4.5487244e+02  -1.8387748e+01   5.9917172e+03   3.0090128e+03
   1.4109950e-01   4.0037195e-01   4.7475060e+03   8.1881489e+02  -1.8429426e+01   4.9636700e+03   2.5197208e+03
   1.0514698e-01   3.9898468e-01   3.5645930e+03   1.1019981e+03  -1.8580167e+01   4.0516785e+03   2.1033740e+03
   6.9808343e-02   3.9798757e-01   2.3817720e+03   1.3044176e+03  -1.8818355e+01   3.2897612e+03   1.7726291e+03
   3.4879142e-02   3.9738052e-01   1.1990503e+03   1.4259625e+03  -1.9080086e+01   2.7497400e+03   1.5505900e+03
   1.5472877e-04   3.9716351e-01   1.6393055e+01   1.4665038e+03  -1.9276834e+01   2.5402473e+03   1.4666122e+03
  -3.4569748e-02   3.9733663e-01  -1.1662543e+03   1.4259744e+03  -1.9330888e+01   2.7273040e+03   1.5369650e+03
  -6.9499194e-02   3.9790003e-01  -2.3489286e+03   1.3044071e+03  -1.9211226e+01   3.2522519e+03   1.7488207e+03
  -1.0483838e-01   3.9885389e-01  -3.5316183e+03   1.1019200e+03  -1.8953784e+01   4.0060495e+03   2.0733863e+03
  -1.4079186e-01   4.0019832e-01  -4.7142541e+03   8.1865605e+02  -1.8656332e+01   4.9139782e+03   2.4864346e+03
  -1.7756394e-01   4.0193326e-01  -5.8967217e+03   4.5470031e+02  -1.8446715e+01   5.9399621e+03   2.9741018e+03
  -2.1535884e-01   4.0405852e-01  -6.7693498e+03   3.6000390e+02  -5.3098254e+01   6.7717268e+03   3.3773675e+03
   2.2557595e-01   4.5652977e-01   6.1353322e+03   1.3399139e+02   9.2822287e+01   6.0938725e+03   3.0242247e+03
   1.8613156e-01   4.5455708e-01   5.3929595e+03   4.5483378e+02  -1.8199404e+01   5.4592228e+03   2.7435440e+03
   1.4770987e-01   4.5293947e-01   4.3173889e+03   8.1882871e+02  -1.8034478e+01   4.5529634e+03   2.3172083e+03
   1.1010647e-01   4.5167692e-01   3.2418048e+03   1.1021583e+03  -1.8052449e+01   3.7699344e+03   1.9675925e+03
   7.3117192e-02   4.5076919e-01   2.1664428e+03   1.3047471e+03  -1.8331025e+01   3.1369760e+03   1.7016680e+03
   3.6537675e-02   4.5021589e-01   1.0913798e+03   1.4263802e+03  -1.8812718e+01   2.7047508e+03   1.5305856e+03
   1.6316271e-04   4.5001678e-01   1.6512883e+01   1.4668596e+03  -1.9329320e+01   2.5408653e+03   1.4669691e+03
  -3.6211413e-02   4.5017186e-01  -1.0583626e+03   1.4261204e+03  -1.9678565e+01   2.6834958e+03   1.5177402e+03
  -7.2791154e-02   4.5068142e-01  -2.1334334e+03   1.3042701e+03  -1.9715938e+01   3.1005202e+03   1.6787111e+03
  -1.0978090e-01   4.5154587e-01  -3.2087601e+03   1.1015456e+03  -1.9426741e+01   3.7248344e+03   1.9381343e+03
  -1.4738504e-01   4.5276561e-01  -4.2842193e+03   8.1820609e+02  -1.8951433e+01   4.5035637e+03   2.2842042e+03
  -1.8580758e-01   4.5434075e-01  -5.3595164e+03   4.5439816e+02  -1.8548672e+01   5.4078444e+03   2.7088672e+03
  -2.2525233e-01   4.5627099e-01  -6.1553564e+03   3.4907479e+02  -4.6217620e+01   6.1621119e+03   3.0744508e+03
   2.3454467e-01   5.1083120e-01   5.5209678e+03   1.4456125e+02   8.6042649e+01   5.4841722e+03   2.7213050e+03
   1.9360697e-01   5.0905377e-01   4.8554659e+03   4.5449365e+02  -1.7779650e+01   4.9276655e+03   2.4786478e+03
   1.5369115e-01   5.0759639e-01   3.8870378e+03   8.1852434e+02  -1.7271309e+01   4.1456534e+03   2.1168112e+03
   1.1459359e-01   5.0645909e-01   2.9186185e+03   1.1022303e+03  -1.7148267e+01   3.4947692e+03   1.8356452e+03
   7.6110789e-02   5.0564121e-01   1.9507724e+03   1.3053226e+03  -1.7619092e+01   2.9919552e+03   1.6347808e+03
   3.8038603e-02   5.0514188e-01   9.8362490e+02   1.4273109e+03  -1.8590789e+01   2.6641696e+03   1.5127213e+03
   1.7196019e-04   5.0496046e-01   1.6883114e+01   1.4678052e+03  -1.9726676e+01   2.5425113e+03   1.4679194e+03
  -3.7694811e-02   5.0509690e-01  -9.4996338e+02   1.4267089e+03  -2.0598878e+01   2.6438194e+03   1.5004758e+03
  -7.5767382e-02   5.0555174e-01  -1.9173781e+03   1.3042658e+03  -2.0870964e+01   2.9563635e+03   1.6125428e+03
  -1.1425083e-01   5.0632594e-01  -2.8855435e+03   1.1009675e+03  -2.0452268e+01   3.4502393e+03   1.8067419e+03
  -1.5334930e-01   5.0742042e-01  -3.8542258e+03   8.1735269e+02  -1.9573450e+01   4.0968518e+03   2.0842757e+03
  -1.9326603e-01   5.0883559e-01  -4.8227847e+03   4.5375704e+02  -1.8745357e+01   4.8771800e+03   2.4445028e+03
  -2.3420385e-01   5.1057099e-01  -5.5420444e+03   3.3794847e+02  -3.9399022e+01   5.5533849e+03   2.7720003e+03
   2.4257071e-01   5.6701169e-01   4.9073010e+03   1.5461804e+02   7.9561752e+01   4.8753687e+03   2.4188165e+03
   2.0029673e-01   5.6542959e-01   4.3182024e+03   4.5353901e+02  -1.6842361e+01   4.3973830e+03   2.2144640e+03
   1.5904273e-01   5.6413318e-01   3.4561874e+03   8.1765677e+02  -1.5692756e+01   3.7423793e+03   1.9188670e+03
   1.1860717e-01   5.6312233e-01   2.5944871e+03   1.1022302e+03  -1.5358837e+01   3.2274110e+03   1.7081380e+03
   7.8788062e-02   5.6239556e-01   1.7342267e+03   1.3064508e+03  -1.6243536e+01   2.8559442e+03   1.5725299e+03
   3.9381506e-02   5.6195098e-01   8.7551376e+02   1.4292537e+03  -1.8156179e+01   2.6288873e+03   1.4974737e+03
   1.8160953e-04   5.6178725e-01   1.7614844e+01   1.4698663e+03  -2.0452089e+01   2.5460970e+03   1.4699895e+03
  -3.9018681e-02   5.6190420e-01  -8.4060179e+02   1.4281186e+03  -2.2308235e+01   2.6090084e+03   1.4855719e+03
  -7.8426319e-02   5.6230293e-01  -1.7001499e+03   1.3045007e+03  -2.3045029e+01   2.8208203e+03   1.5507715e+03
  -1.1824697e-01   5.6298537e-01  -2.5614733e+03   1.0999923e+03  -2.2416270e+01   3.1834225e+03   1.6797874e+03
  -1.5868432e-01   5.6395351e-01  -3.4241666e+03   8.1570599e+02  -2.0786145e+01   3.6946316e+03   1.8870946e+03
  -1.9994011e-01   5.6520840e-01  -4.2869512e+03   4.5242127e+02  -1.9112893e+01   4.3486130e+03   2.1813519e+03
  -2.4221493e-01   5.6674934e-01  -4.9301811e+03   3.2642090e+02  -3.2712579e+01   4.9463248e+03   2.4703947e+03
   2.4965595e-01   6.2486083e-01   4.2955227e+03   1.6347166e+02   7.3748593e+01   4.2685283e+03   2.1172074e+03
   2.0620136e-01   6.2347421e-01   3.7815285e+03   4.5133667e+02  -1.4932812e+01   3.8688195e+03   1.9511495e+03
   1.6376316e-01   6.2234016e-01   3.0242606e+03   8.1574442e+02  -1.2675590e+01   3.3437949e+03   1.7237124e+03
   1.2214464e-01   6.2145808e-01   2.2683681e+03   1.1021482e+03  -1.2023583e+01   2.9693609e+03   1.5858049e+03
   8.1146584e-02   6.2082478e-01   1.5158366e+03   1.3086187e+03  -1.3642761e+01   2.7305816e+03   1.5156879e+03
   4.0565227e-02   6.2043653e-01   7.6655592e+02   1.4330340e+03  -1.7153540e+01   2.6003482e+03   1.4856435e+03
   1.9275625e-04   6.2029078e-01   1.8886988e+01   1.4739572e+03  -2.1428730e+01   2.5532078e+03   1.4740950e+03
  -4.0180773e-02   6.2038715e-01  -7.2948368e+02   1.4310776e+03  -2.5028415e+01   2.5804000e+03   1.4737867e+03
  -8.0764961e-02   6.2072760e-01  -1.4806341e+03   1.3052853e+03  -2.6694898e+01   2.6953244e+03   1.4940731e+03
  -1.2176681e-01   6.2131579e-01  -2.2355914e+03   1.0984117e+03  -2.5848723e+01   2.9257947e+03   1.5579631e+03
  -1.6338930e-01   6.2215569e-01  -2.9937639e+03   8.1265504e+02  -2.2976860e+01   3.2978155e+03   1.6931633e+03
  -2.0583127e-01   6.2324971e-01  -3.7527801e+03   4.4975806e+02  -1.9748285e+01   3.8231511e+03   1.9199385e+03
  -2.4928882e-01   6.2459701e-01  -4.3212923e+03   3.1412410e+02  -2.6278076e+01   4.3424330e+03   2.1703596e+03
   2.5580538e-01   6.8416868e-01   3.6880921e+03   1.6979358e+02   6.9225468e+01   3.6657871e+03   1.8173824e+03
   2.1132204e-01   6.8297760e-01   3.2460686e+03   4.4685634e+02  -1.1514982e+01   3.3426807e+03   1.6889770e+03
   1.6784952e-01   6.8200823e-01   2.5901659e+03   8.1208973e+02  -7.6701863e+00   2.9508227e+03   1.5318870e+03
   1.2520096e-01   6.8125853e-01   1.9384630e+03   1.1019941e+03  -6.6558878e+00   2.7228218e+03   1.4697833e+03
   8.3181668e-02   6.8072232e-01   1.2939656e+03   1.3124938e+03  -9.3896846e+00   2.6181110e+03   1.4653749e+03
   4.1587359e-02   6.8039296e-01   6.5585710e+02   1.4397668e+03  -1.5193677e+01   2.5805289e+03   1.4783456e+03
   2.0619947e-04   6.8026599e-01   2.0842251e+01   1.4813716e+03  -2.2350436e+01   2.5660837e+03   1.4815290e+03
  -4.1177316e-02   6.8034057e-01  -6.1543618e+02   1.4367388e+03  -2.8657202e+01   2.5601956e+03   1.4663887e+03
  -8.2777926e-02   6.8061986e-01  -1.2569935e+03   1.3072816e+03  -3.2021748e+01   2.5822011e+03   1.4436496e+03
  -1.2480553e-01   6.8111016e-01  -1.9061361e+03   1.0961322e+03  -3.1193463e+01   2.6794376e+03   1.4423447e+03
  -1.6746233e-01   6.8181880e-01  -2.5623088e+03   8.0737932e+02  -2.6564249e+01   2.9075162e+03   1.5031172e+03
  -2.1094212e-01   6.8275098e-01  -3.2214907e+03   4.4474040e+02  -2.0722933e+01   3.3022802e+03   1.6610306e+03
  -2.5543225e-01   6.8390628e-01  -3.7182033e+03   3.0045358e+02  -2.0285385e+01   3.7444411e+03   1.8732116e+03
   2.6103040e-01   7.4472841e-01   3.0895339e+03   1.7146293e+02   6.6717294e+01   3.0711145e+03   1.5211031e+03
   2.1566098e-01   7.4373258e-01   2.7127740e+03   4.3888663e+02  -6.5466369e+00   2.8204272e+03   1.4287399e+03
   1.7129640e-01   7.4293066e-01   2.1521420e+03   8.0610902e+02  -1.2549208e+00   2.5659020e+03   1.3450247e+03
   1.2776743e-01   7.4231741e-01   1.6021593e+03   1.1019106e+03  -1.7520019e-01   2.4919503e+03   1.3623788e+03
   8.4885396e-02   7.4188216e-01   1.0662726e+03   1.3186690e+03  -4.1994148e+00   2.5215266e+03   1.4231534e+03
   4.2443560e-02   7.4161455e-01   5.4195234e+02   1.4503304e+03  -1.2292086e+01   2.5711670e+03   1.4765686e+03
   2.2257507e-04   7.4150776e-01   2.3262531e+01   1.4932515e+03  -2.2381861e+01   2.5866896e+03   1.4934259e+03
  -4.2002776e-02   7.4156015e-01  -4.9722413e+02   1.4464297e+03  -3.1826922e+01   2.5512539e+03   1.4650282e+03
  -8.4456517e-02   7.4177588e-01  -1.0267113e+03   1.3116597e+03  -3.7761097e+01   2.4855877e+03   1.4017692e+03
  -1.2735462e-01   7.4216438e-01  -1.5701893e+03   1.0935951e+03  -3.7794400e+01   2.4485566e+03   1.3352935e+03
  -1.7089940e-01   7.4273797e-01  -2.1281467e+03   7.9920306e+02  -3.1440051e+01   2.5257206e+03   1.3182451e+03
  -2.1527682e-01   7.4350706e-01  -2.6946799e+03   4.3599073e+02  -2.1867539e+01   2.7880308e+03   1.4057273e+03
  -2.6065836e-01   7.4447349e-01  -3.1256928e+03   2.8458713e+02  -1.4967906e+01   3.1569548e+03   1.5811838e+03
   2.6535428e-01   8.0634520e-01   2.5068453e+03   1.6628417e+02   6.5825324e+01   2.4912936e+03   1.2317853e+03
   2.1922181e-01   8.0554271e-01   2.1827957e+03   4.2727334e+02  -2.5479159e+00   2.3060470e+03   1.1732409e+03
   1.7409538e-01   8.0490868e-01   1.7080682e+03   7.9847185e+02   1.7291492e+00   2.1970931e+03   1.1685271e+03
   1.2983164e-01   8.0443192e-01   1.2568363e+03   1.1023504e+03   1.7120726e+00   2.2853923e+03   1.2684678e+03
   8.6246727e-02   8.0409704e-01   8.3046020e+02   1.3266799e+03  -2.6944924e+00   2.4437979e+03   1.3905453e+03
   4.3127217e-02   8.0389109e-01   4.2295630e+02   1.4635348e+03  -1.0328665e+01   2.5708306e+03   1.4794824e+03
   2.4133050e-04   8.0380590e-01   2.4863613e+01   1.5085353e+03  -1.9869432e+01   2.6131481e+03   1.5087011e+03
  -4.2651099e-02   8.0383885e-01  -3.7489658e+02   1.4601705e+03  -2.9795292e+01   2.5547130e+03   1.4703304e+03
  -8.5789174e-02   8.0399357e-01  -7.8781454e+02   1.3198436e+03  -3.7822762e+01   2.4121042e+03   1.3720821e+03
  -1.2940093e-01   8.0428079e-01  -1.2239052e+03   1.0927673e+03  -4.0574837e+01   2.2432904e+03   1.2426617e+03
  -1.7369276e-01   8.0471778e-01  -1.6878081e+03   7.8902900e+02  -3.4868634e+01   2.1584163e+03   1.1426369e+03
  -2.1884108e-01   8.0532339e-01  -2.1734327e+03   4.2261329e+02  -2.2036860e+01   2.2830255e+03   1.1557370e+03
  -2.6499112e-01   8.0610653e-01  -2.5505703e+03   2.6598516e+02  -1.0368616e+01   2.5867576e+03   1.2976534e+03
   2.6881845e-01   8.6885881e-01   1.9474656e+03   1.5632604e+02   5.9680291e+01   1.9373363e+03   9.5675030e+02
   2.2200988e-01   8.6824174e-01   1.6572023e+03   4.1693679e+02  -1.0835758e+01   1.8127060e+03   9.3242911e+02
   1.7623731e-01   8.6776335e-01   1.2575315e+03   7.9379680e+02  -1.5839745e+01   1.8686614e+03   1.0175863e+03
   1.3138191e-01   8.6740509e-01   9.0300662e+02   1.1039619e+03  -1.9336197e+01   2.1188326e+03   1.1964159e+03
   8.7255776e-02   8.6715193e-01   5.8699719e+02   1.3322394e+03  -1.9608984e+01   2.3834946e+03   1.3663289e+03
   4.3631200e-02   8.6699504e-01   2.9781208e+02   1.4714996e+03  -1.6673114e+01   2.5670739e+03   1.4798771e+03
   2.5870734e-04   8.6692977e-01   2.2387850e+01   1.5185199e+03  -1.2712787e+01   2.6303337e+03   1.5186213e+03
  -4.3121021e-02   8.6695367e-01  -2.5305895e+02   1.4717912e+03  -1.0967159e+01   2.5612285e+03   1.4767604e+03
  -8.6767526e-02   8.6706641e-01  -5.4355242e+02   1.3310124e+03  -1.3841766e+01   2.3670444e+03   1.3571081e+03
  -1.3092968e-01   8.6727237e-01  -8.6577791e+02   1.0985428e+03  -2.0436248e+01   2.0863089e+03   1.1770501e+03
  -1.7582953e-01   8.6758582e-01  -1.2353261e+03   7.8363810e+02  -2.4307203e+01   1.8272548e+03   9.9031830e+02
  -2.2164006e-01   8.6803386e-01  -1.6548471e+03   4.0794587e+02  -1.6723347e+01   1.7917543e+03   9.1503124e+02
  -2.6846974e-01   8.6864260e-01  -1.9983015e+03   2.4676430e+02  -5.3137411e+00   2.0409058e+03   1.0265928e+03
   2.7148279e-01   9.3219881e-01   1.4087341e+03   1.6498088e+02   1.5305053e+01   1.4299865e+03   7.1598172e+02
   2.2403440e-01   9.3173766e-01   1.1382478e+03   4.2837697e+02  -6.8838857e+01   1.3889647e+03   7.4011579e+02
   1.7772504e-01   9.3135872e-01   8.0907880e+02   8.0504236e+02  -1.0212464e+02   1.6407146e+03   9.2502223e+02
   1.3242444e-01   9.3104661e-01   5.5234537e+02   1.1052719e+03  -1.1036448e+02   2.0107468e+03   1.1538726e+03
   8.7918586e-02   9.3080661e-01   3.4538339e+02   1.3202863e+03  -9.1429549e+01   2.3213562e+03   1.3382291e+03
   4.3955554e-02   9.3065169e-01   1.6977661e+02   1.4499428e+03  -5.1115884e+01   2.5193486e+03   1.4541432e+03
   2.6565216e-04   9.3059242e-01   1.0572804e+01   1.4955885e+03  -5.1796913e-01   2.5904580e+03   1.4955988e+03
  -4.3428690e-02   9.3063091e-01  -1.4560440e+02   1.4571779e+03   4.6576237e+01   2.5298722e+03   1.4603426e+03
  -8.7406910e-02   9.3075890e-01  -3.1305516e+02   1.3321888e+03   7.6155724e+01   2.3349144e+03   1.3463277e+03
  -1.3194394e-01   9.3096016e-01  -5.1067852e+02   1.1159337e+03   7.7284908e+01   2.0105118e+03   1.1540075e+03
  -1.7729711e-01   9.3121967e-01  -7.6765482e+02   8.0526892e+02   4.8527218e+01   1.6044548e+03   9.0277146e+02
  -2.2367047e-01   9.3154543e-01  -1.1212895e+03   4.1367092e+02   1.0833481e+01   1.3352624e+03   7.0110571e+02
  -2.7114425e-01   9.3199114e-01  -1.4548580e+03   2.4134451e+02   6.8469856e+00   1.5170239e+03   7.6967040e+02
   2.7339252e-01   9.9651073e-01   8.4231495e+02   2.9575508e+02  -1.7967255e+02   1.0749562e+03   5.9041145e+02
   2.2532513e-01   9.9610063e-01   6.4270826e+02   5.2164438e+02  -2.8582011e+02   1.2226220e+03   6.9832234e+02
   1.7861679e-01   9.9563422e-01   4.0073999e+02   8.5513703e+02  -3.7762152e+02   1.6273588e+03   9.3953233e+02
   1.3302853e-01   9.9515857e-01   2.4345743e+02   1.0910633e+03  -3.7603735e+02   1.9655742e+03   1.1341792e+03
   8.8291843e-02   9.9474991e-01   1.3418629e+02   1.2483300e+03  -2.9372288e+02   2.1951483e+03   1.2665324e+03
   4.4126667e-02   9.9447523e-01   5.2155294e+01   1.3402576e+03  -1.5501389e+02   2.3288850e+03   1.3442545e+03
   2.4887425e-04   9.9437782e-01  -1.5511258e+01   1.3745326e+03   1.1564084e+01   2.3808766e+03   1.3745993e+03
  -4.3627355e-02   9.9447159e-01  -7.7844298e+01   1.3535671e+03   1.7572227e+02   2.3552173e+03   1.3594917e+03
  -8.7789435e-02   9.9473895e-01  -1.4277012e+02   1.2742480e+03   3.0577240e+02   2.2424673e+03   1.2938337e+03
  -1.3252734e-01   9.9513013e-01  -2.2012018e+02   1.1263946e+03   3.6836176e+02   2.0178012e+03   1.1641918e+03
  -1.7813462e-01   9.9556502e-01  -3.2866102e+02   8.8908120e+02   3.2938629e+02   1.6420006e+03   9.4800947e+02
  -2.2490210e-01   9.9594623e-01  -5.2838565e+02   5.2701648e+02   1.6561772e+02   1.1078672e+03   6.3099647e+02
  -2.7302413e-01   9.9624007e-01  -7.9046318e+02   3.2912974e+02   6.5485515e+01   1.0029274e+03   5.3989668e+02
   2.7439734e-01   1.0623872e+00   5.5602828e+02   4.1835867e+02  -4.3763007e+02   1.1265408e+03   6.4950997e+02
   2.2602800e-01   1.0617223e+00   3.6021593e+02   6.2758661e+02  -6.1118273e+02   1.3802364e+03   7.9357974e+02
   1.7914901e-01   1.0606206e+00   1.5026610e+02   9.4818887e+02  -8.3090664e+02   1.8801673e+03   1.0675847e+03
   1.3342154e-01   1.0594616e+00   5.6679262e+01   1.1257493e+03  -8.0366387e+02   2.1205127e+03   1.2051386e+03
   8.8543828e-02   1.0584863e+00   1.6664942e+01   1.2206332e+03  -6.1675323e+02   2.2047169e+03   1.2610512e+03
   4.4229206e-02   1.0578430e+00   1.1675362e+00   1.2625455e+03  -3.3349782e+02   2.2121653e+03   1.2735861e+03
   1.9800069e-04   1.0576128e+00  -4.2233976e+00   1.2657885e+03  -4.4246795e+00   2.1924142e+03   1.2657885e+03
  -4.3826138e-02   1.0578214e+00  -7.6308830e+00   1.2359270e+03   3.2527809e+02   2.1658468e+03   1.2470856e+03
  -8.8118446e-02   1.0584429e+00  -1.5073004e+01   1.1722152e+03   6.0965857e+02   2.1221135e+03   1.2131203e+03
  -1.3295507e-01   1.0593950e+00  -3.3558694e+01   1.0669490e+03   7.9497026e+02   2.0186437e+03   1.1445502e+03
  -1.7861711e-01   1.0605239e+00  -7.6388607e+01   8.9974703e+02   8.0754425e+02   1.7743405e+03   1.0024366e+03
  -2.2540806e-01   1.0615684e+00  -1.8500372e+02   6.1157305e+02   5.2069513e+02   1.2344007e+03   7.0606254e+02
  -2.7376834e-01   1.0620657e+00  -3.4127315e+02   4.1731558e+02   2.6493610e+02   8.9416494e+02   5.1577583e+02
