%     LOOP Coordinates (8 per loop)
%----------------------------------------------
     0         0
     2         0
     4         0
     5.5      1.5
     7         3
     3.5      6.5
     0         10     
     0         5
%----------------------------------------------
     7         3
     8.5      4.5
     10       6
     10       8
     10       10
     5         10
     0         10
     3.5      6.5
%----------------------------------------------
     0         10    
     5         10
     10       10
     10       25
     10       40
     5         40 
     0         40
     0         25
%----------------------------------------------

