  -3.0000000e+01   0.0000000e+00
  -3.0000000e+01  -9.5859039e+00
  -3.0000000e+01  -1.9171808e+01
  -1.5000000e+01  -1.9171808e+01
   0.0000000e+00  -1.9171808e+01
   0.0000000e+00  -9.5859039e+00
   0.0000000e+00   0.0000000e+00
  -1.5000000e+01   0.0000000e+00
  -3.0000000e+01  -1.9171808e+01
  -3.0000000e+01  -3.9585904e+01
  -3.0000000e+01  -6.0000000e+01
  -1.5000000e+01  -6.0000000e+01
   0.0000000e+00  -6.0000000e+01
   0.0000000e+00  -3.9585904e+01
   0.0000000e+00  -1.9171808e+01
  -1.5000000e+01  -1.9171808e+01
   0.0000000e+00  -1.9171808e+01
   0.0000000e+00  -3.9585904e+01
   0.0000000e+00  -6.0000000e+01
   1.4817282e+00  -6.0000000e+01
   2.9634564e+00  -6.0000000e+01
   2.9634564e+00  -3.9585904e+01
   2.9634564e+00  -1.9171808e+01
   1.4817282e+00  -1.9171808e+01
   2.9634564e+00  -1.0000000e+00
   2.9634564e+00  -1.0085904e+01
   2.9634564e+00  -1.9171808e+01
   6.4817282e+00  -1.9171808e+01
   1.0000000e+01  -1.9171808e+01
   1.0000000e+01  -1.0085904e+01
   1.0000000e+01  -1.0000000e+00
   6.4817282e+00  -1.0000000e+00
   2.9634564e+00  -1.9171808e+01
   2.9634564e+00  -3.9585904e+01
   2.9634564e+00  -6.0000000e+01
   6.4817282e+00  -6.0000000e+01
   1.0000000e+01  -6.0000000e+01
   1.0000000e+01  -3.9585904e+01
   1.0000000e+01  -1.9171808e+01
   6.4817282e+00  -1.9171808e+01
   1.0000000e+01   0.0000000e+00
   1.0000000e+01  -5.0000000e-01
   1.0000000e+01  -1.0000000e+00
   2.0000000e+01  -1.0000000e+00
   3.0000000e+01  -1.0000000e+00
   3.0000000e+01  -5.0000000e-01
   3.0000000e+01   0.0000000e+00
   2.0000000e+01   0.0000000e+00
   1.0000000e+01  -1.0000000e+00
   1.0000000e+01  -1.0085904e+01
   1.0000000e+01  -1.9171808e+01
   2.0000000e+01  -1.9171808e+01
   3.0000000e+01  -1.9171808e+01
   3.0000000e+01  -1.0085904e+01
   3.0000000e+01  -1.0000000e+00
   2.0000000e+01  -1.0000000e+00
   1.0000000e+01  -1.9171808e+01
   1.0000000e+01  -3.9585904e+01
   1.0000000e+01  -6.0000000e+01
   2.0000000e+01  -6.0000000e+01
   3.0000000e+01  -6.0000000e+01
   3.0000000e+01  -3.9585904e+01
   3.0000000e+01  -1.9171808e+01
   2.0000000e+01  -1.9171808e+01
