  -3.0000000e+01   0.0000000e+00   1.1000000e+01
  -3.0000000e+01  -6.3906026e+00   2.0000000e+00
  -3.0000000e+01  -1.2781205e+01   2.0000000e+00
  -3.0000000e+01  -1.9171808e+01   2.0000000e+00
  -2.2500000e+01   0.0000000e+00   3.1000000e+01
  -2.2500000e+01  -6.3906026e+00   0.0000000e+00
  -2.2500000e+01  -1.2781205e+01   0.0000000e+00
  -2.2500000e+01  -1.9171808e+01   0.0000000e+00
  -1.5000000e+01   0.0000000e+00   3.1000000e+01
  -1.5000000e+01  -6.3906026e+00   0.0000000e+00
  -1.5000000e+01  -1.2781205e+01   0.0000000e+00
  -1.5000000e+01  -1.9171808e+01   0.0000000e+00
  -7.5000000e+00   0.0000000e+00   3.1000000e+01
  -7.5000000e+00  -6.3906026e+00   0.0000000e+00
  -7.5000000e+00  -1.2781205e+01   0.0000000e+00
  -7.5000000e+00  -1.9171808e+01   0.0000000e+00
   0.0000000e+00   0.0000000e+00   5.0000000e+00
   0.0000000e+00  -6.3906026e+00   5.0000000e+00
   0.0000000e+00  -1.2781205e+01   5.0000000e+00
   0.0000000e+00  -1.9171808e+01   5.0000000e+00
  -3.0000000e+01  -2.3254627e+01   2.0000000e+00
  -3.0000000e+01  -2.7337446e+01   2.0000000e+00
  -3.0000000e+01  -3.1420266e+01   2.0000000e+00
  -3.0000000e+01  -3.5503085e+01   2.0000000e+00
  -3.0000000e+01  -3.9585904e+01   2.0000000e+00
  -3.0000000e+01  -4.3668723e+01   2.0000000e+00
  -3.0000000e+01  -4.7751542e+01   2.0000000e+00
  -3.0000000e+01  -5.1834362e+01   2.0000000e+00
  -3.0000000e+01  -5.5917181e+01   2.0000000e+00
  -3.0000000e+01  -6.0000000e+01   1.2000000e+01
  -2.2500000e+01  -2.3254627e+01   0.0000000e+00
  -2.2500000e+01  -2.7337446e+01   0.0000000e+00
  -2.2500000e+01  -3.1420266e+01   0.0000000e+00
  -2.2500000e+01  -3.5503085e+01   0.0000000e+00
  -2.2500000e+01  -3.9585904e+01   0.0000000e+00
  -2.2500000e+01  -4.3668723e+01   0.0000000e+00
  -2.2500000e+01  -4.7751542e+01   0.0000000e+00
  -2.2500000e+01  -5.1834362e+01   0.0000000e+00
  -2.2500000e+01  -5.5917181e+01   0.0000000e+00
  -2.2500000e+01  -6.0000000e+01   1.0000000e+00
  -1.5000000e+01  -2.3254627e+01   0.0000000e+00
  -1.5000000e+01  -2.7337446e+01   0.0000000e+00
  -1.5000000e+01  -3.1420266e+01   0.0000000e+00
  -1.5000000e+01  -3.5503085e+01   0.0000000e+00
  -1.5000000e+01  -3.9585904e+01   0.0000000e+00
  -1.5000000e+01  -4.3668723e+01   0.0000000e+00
  -1.5000000e+01  -4.7751542e+01   0.0000000e+00
  -1.5000000e+01  -5.1834362e+01   0.0000000e+00
  -1.5000000e+01  -5.5917181e+01   0.0000000e+00
  -1.5000000e+01  -6.0000000e+01   1.0000000e+00
  -7.5000000e+00  -2.3254627e+01   0.0000000e+00
  -7.5000000e+00  -2.7337446e+01   0.0000000e+00
  -7.5000000e+00  -3.1420266e+01   0.0000000e+00
  -7.5000000e+00  -3.5503085e+01   0.0000000e+00
  -7.5000000e+00  -3.9585904e+01   0.0000000e+00
  -7.5000000e+00  -4.3668723e+01   0.0000000e+00
  -7.5000000e+00  -4.7751542e+01   0.0000000e+00
  -7.5000000e+00  -5.1834362e+01   0.0000000e+00
  -7.5000000e+00  -5.5917181e+01   0.0000000e+00
  -7.5000000e+00  -6.0000000e+01   1.0000000e+00
   0.0000000e+00  -2.3254627e+01   0.0000000e+00
   0.0000000e+00  -2.7337446e+01   0.0000000e+00
   0.0000000e+00  -3.1420266e+01   0.0000000e+00
   0.0000000e+00  -3.5503085e+01   0.0000000e+00
   0.0000000e+00  -3.9585904e+01   0.0000000e+00
   0.0000000e+00  -4.3668723e+01   0.0000000e+00
   0.0000000e+00  -4.7751542e+01   0.0000000e+00
   0.0000000e+00  -5.1834362e+01   0.0000000e+00
   0.0000000e+00  -5.5917181e+01   0.0000000e+00
   0.0000000e+00  -6.0000000e+01   1.0000000e+00
   2.9634564e+00  -1.9171808e+01   5.0000000e+00
   2.9634564e+00  -2.3254627e+01   0.0000000e+00
   2.9634564e+00  -2.7337446e+01   0.0000000e+00
   2.9634564e+00  -3.1420266e+01   0.0000000e+00
   2.9634564e+00  -3.5503085e+01   0.0000000e+00
   2.9634564e+00  -3.9585904e+01   0.0000000e+00
   2.9634564e+00  -4.3668723e+01   0.0000000e+00
   2.9634564e+00  -4.7751542e+01   0.0000000e+00
   2.9634564e+00  -5.1834362e+01   0.0000000e+00
   2.9634564e+00  -5.5917181e+01   0.0000000e+00
   2.9634564e+00  -6.0000000e+01   1.0000000e+00
   2.9634564e+00  -1.0000000e+00   5.0000000e+00
   2.9634564e+00  -1.0085904e+01   5.0000000e+00
   2.9634564e+00  -1.9171808e+01   5.0000000e+00
   6.4817282e+00  -1.0000000e+00   5.0000000e+00
   6.4817282e+00  -1.0085904e+01   0.0000000e+00
   6.4817282e+00  -1.9171808e+01   0.0000000e+00
   1.0000000e+01  -1.0000000e+00   5.0000000e+00
   1.0000000e+01  -1.0085904e+01   0.0000000e+00
   1.0000000e+01  -1.9171808e+01   0.0000000e+00
   6.4817282e+00  -2.3254627e+01   0.0000000e+00
   6.4817282e+00  -2.7337446e+01   0.0000000e+00
   6.4817282e+00  -3.1420266e+01   0.0000000e+00
   6.4817282e+00  -3.5503085e+01   0.0000000e+00
   6.4817282e+00  -3.9585904e+01   0.0000000e+00
   6.4817282e+00  -4.3668723e+01   0.0000000e+00
   6.4817282e+00  -4.7751542e+01   0.0000000e+00
   6.4817282e+00  -5.1834362e+01   0.0000000e+00
   6.4817282e+00  -5.5917181e+01   0.0000000e+00
   6.4817282e+00  -6.0000000e+01   1.0000000e+00
   1.0000000e+01  -2.3254627e+01   0.0000000e+00
   1.0000000e+01  -2.7337446e+01   0.0000000e+00
   1.0000000e+01  -3.1420266e+01   0.0000000e+00
   1.0000000e+01  -3.5503085e+01   0.0000000e+00
   1.0000000e+01  -3.9585904e+01   0.0000000e+00
   1.0000000e+01  -4.3668723e+01   0.0000000e+00
   1.0000000e+01  -4.7751542e+01   0.0000000e+00
   1.0000000e+01  -5.1834362e+01   0.0000000e+00
   1.0000000e+01  -5.5917181e+01   0.0000000e+00
   1.0000000e+01  -6.0000000e+01   1.0000000e+00
   1.0000000e+01   0.0000000e+00   5.0000000e+00
   1.0000000e+01  -1.0000000e+00   5.0000000e+00
   1.6666667e+01   0.0000000e+00   3.2000000e+01
   1.6666667e+01  -1.0000000e+00   0.0000000e+00
   2.3333333e+01   0.0000000e+00   3.2000000e+01
   2.3333333e+01  -1.0000000e+00   0.0000000e+00
   3.0000000e+01   0.0000000e+00   2.1000000e+01
   3.0000000e+01  -1.0000000e+00   4.0000000e+00
   1.6666667e+01  -1.0085904e+01   0.0000000e+00
   1.6666667e+01  -1.9171808e+01   0.0000000e+00
   2.3333333e+01  -1.0085904e+01   0.0000000e+00
   2.3333333e+01  -1.9171808e+01   0.0000000e+00
   3.0000000e+01  -1.0085904e+01   4.0000000e+00
   3.0000000e+01  -1.9171808e+01   4.0000000e+00
   1.6666667e+01  -2.3254627e+01   0.0000000e+00
   1.6666667e+01  -2.7337446e+01   0.0000000e+00
   1.6666667e+01  -3.1420266e+01   0.0000000e+00
   1.6666667e+01  -3.5503085e+01   0.0000000e+00
   1.6666667e+01  -3.9585904e+01   0.0000000e+00
   1.6666667e+01  -4.3668723e+01   0.0000000e+00
   1.6666667e+01  -4.7751542e+01   0.0000000e+00
   1.6666667e+01  -5.1834362e+01   0.0000000e+00
   1.6666667e+01  -5.5917181e+01   0.0000000e+00
   1.6666667e+01  -6.0000000e+01   1.0000000e+00
   2.3333333e+01  -2.3254627e+01   0.0000000e+00
   2.3333333e+01  -2.7337446e+01   0.0000000e+00
   2.3333333e+01  -3.1420266e+01   0.0000000e+00
   2.3333333e+01  -3.5503085e+01   0.0000000e+00
   2.3333333e+01  -3.9585904e+01   0.0000000e+00
   2.3333333e+01  -4.3668723e+01   0.0000000e+00
   2.3333333e+01  -4.7751542e+01   0.0000000e+00
   2.3333333e+01  -5.1834362e+01   0.0000000e+00
   2.3333333e+01  -5.5917181e+01   0.0000000e+00
   2.3333333e+01  -6.0000000e+01   1.0000000e+00
   3.0000000e+01  -2.3254627e+01   4.0000000e+00
   3.0000000e+01  -2.7337446e+01   4.0000000e+00
   3.0000000e+01  -3.1420266e+01   4.0000000e+00
   3.0000000e+01  -3.5503085e+01   4.0000000e+00
   3.0000000e+01  -3.9585904e+01   4.0000000e+00
   3.0000000e+01  -4.3668723e+01   4.0000000e+00
   3.0000000e+01  -4.7751542e+01   4.0000000e+00
   3.0000000e+01  -5.1834362e+01   4.0000000e+00
   3.0000000e+01  -5.5917181e+01   4.0000000e+00
   3.0000000e+01  -6.0000000e+01   2.2000000e+01
